quantity, products.name, users.name
3,그냥컵,테스트유저1
4,그냥빵,테스트유저2